584330
71919
735306
752769
442425
984687
772091
241205
995075
217258
389441
845560
295218
474670
449176
694404
557901
426149
781265
104178
67933
65797
36666
840287
726954
726663
137487
119487
69777
280581
900528
523932
371841
501859
961409
922632
739160
317039
41069
998876
442068
315711
368706
912004
665106
754809
64735
437696
810249
766644
637633
395962
550660
731223
760202
800222
657518
698649
509211
605823
883954
993359
577615
146891
798604
83418
383508
800310
977705
142534
858283
98790
868213
581745
784470
706468
367825
554600
603725
956988
903106
773307
770011
134876
912469
806241
76983
557483
699830
299344
22209
723288
350939
409019
582983
719880
347576
434697
633982
375195
296831
660749
825719
466897
470088
599253
759534
369766
82173
368806
706225
664778
714271
847608
190733
617230
176364
187068
785628
600350
189288
909731
165648
733500
933441
170421
488245
79248
42140
410114
481559
646007
323911
770321
833100
844236
84651
212528
195551
503445
290934
161691
219765
635601
270410
510461
698181
677722
374854
940898
265466
756181
486609
922396
965278
618978
172185
602780
222998
217831
738752
763779
713224
587880
147729
196978
832458
225443
933045
899380
931208
648298
543161
165267
17017
359399
138527
611865
384911
965598
487138
818271
529583
279483
519855
796876
836567
460086
815944
251466
184248
199914
263784
311517
132809
531479
946100
737203
814447
789125
369807
129227
22772
418882
180994
155067
224024
10372
226520
349341
251889
980199
927765
479867
137291
426099
704385
799891
207838
252624
452044
354838
540863
286584
611347
82187
680227
566446
296341
640660
698555
501292
45213
927055
835261
256822
893168
648003
744593
752570
118489
853372
864776
92181
335762
114544
305716
439570
113934
209411
919317
72258
70035
788020
50550
19745
345929
777333
580349
973570
198659
550641
381586
982286
556760
840132
9849
800363
457631
469586
933150
333902
695645
908286
831641
170212
772592
126674
484692
499245
742306
400511
151171
256953
147472
82840
696832
543651
300033
805952
562138
276192
736064
994145
821616
872317
755900
128170
77300
879519
608442
640095
742048
172728
985138
322171
278331
878925
635735
478826
429272
631993
101704
760357
256558
428367
158447
290136
184362
523417
806427
80529
70127
752673
835463
354292
549028
769367
914157
910511
855205
597784
820168
315547
981642
911945
632824
567008
514810
370280
991706
666608
2081
110461
176153
323097
114956
33647
44906
21486
951798
457925
144112
107645
921064
433577
82425
890494
379205
435114
554347
46048
184143
755684
349331
240542
510783
772568
978177
26582
640643
914033
6187
428144
231970
344877
430298
593145
251595
567867
374514
459269
610086
847590
454234
660904
900244
766268
981397
744738
325863
770141
866323
123726
514170
213472
680846
141100
600837
626596
604179
399419
639728
661987
132958
423790
647675
105872
732255
41036
485078
736337
860969
704933
247752
850018
214861
705898
982632
866578
665681
147406
769765
748822
806810
78890
559970
114561
102105
849275
117867
533060
324224
681192
233171
205446
629507
354009
22110
900370
457568
397471
342066
708037
192573
817701
448425
985111
566092
756496
66287
37136
202872
108426
555431
938892
298323
875406
907834
364363
961526
451611
605977
552737
774756
942538
738586
472578
741480
25032
189149
688526
394206
176880
137380
101362
43228
469945
980291
903484
67613
220986
435542
533774
639466
164418
65893
72310
638706
686879
677697
858259
305754
943656
921319
391291
749563
470849
589259
443023
916829
69902
730659
679932
792308
225349
910356
10608
848404
82929
239137
385198
572614
712046
828893
667332
810959
601541
17586
467546
802800
256530
821524
753578
35451
739575
739345
350585
610474
898554
630910
693171
783107
968319
161298
203826
846348
821763
448338
244844
663897
184808
774492
469846
411957
505814
530570
719390
698721
828774
606195
668164
257018
463154
676448
41680
55119
684142
189503
856599
674599
879464
452122
318182
868775
7749
117057
826601
675072
577415
202701
538165
880749
577285
892265
358959
477909
373298
794740
766663
460559
698085
756618
322454
557380
304464
601154
721342
551373
306637
956531
347817
71073
988218
305338
476693
69484
177183
217786
673233
754140
725102
228283
867248
992317
893592
519759
319040
786574
310645
628759
353773
693131
967014
783724
925361
230234
658080
570307
261747
819164
348903
693164
701139
857780
24686
818496
288928
300614
870138
746446
935111
661643
517456
298019
868281
244283
889316
307344
843673
820739
294563
853446
443988
965236
995586
861887
843230
386869
308452
948524
651625
202639
711725
212598
86317
539788
736377
562800
795064
592054
31752
182006
190917
553254
501632
290046
861460
676159
633836
885859
152198
214543
407841
775740
225341
974473
591857
265009
67540
883682
592556
7431
647054
766723
845715
501756
823824
95336
645622
956312
112676
598103
701089
218915
543507
72950
946010
659931
925435
873745
83460
831333
531861
620449
707263
341486
623074
673115
244593
259057
808966
30522
298433
621140
853451
81426
856449
53300
224068
32590
135229
384237
767840
908601
84077
288513
176077
809506
472308
303588
892010
808091
936386
482054
358072
989410
686833
754096
114682
289417
657629
482734
239806
948290
931880
886089
492121
219892
837056
55296
66637
662236
191310
834763
477191
532392
877957
542137
985066
587591
635198
284124
528603
570669
487332
58020
351236
998628
776108
835419
788992
605759
934149
953637
835052
436537
171356
13660
781042
929200
89405
169164
39196
104357
991422
156461
347728
594954
352507
106158
510888
618093
690214
820264
979314
805666
442814
931694
942030
193366
700691
118744
441391
889589
723303
170494
911742
896436
575978
767622
558915
610384
747016
517686
991940
624298
736673
156947
886401
504198
609798
895538
486568
543402
716078
780689
965917
308574
188494
34785
850770
30377
451073
523969
414665
205302
89977
347156
345662
895807
221195
152868
184410
555795
910227
219693
858565
259843
766569
991901
619471
689072
933877
894330
488441
43096
985434
512969
647494
806499
120766
210251
598213
928403
195843
983517
291250
568627
107060
327847
607917
174205
222735
508804
573492
347942
832211
79330
247412
30868
249968
560747
783014
694316
26676
229054
448296
650519
341639
760985
472814
683942
435695
667757
328245
271669
245380
637640
178649
767545
283487
9898
64757
923407
347224
653010
148783
36646
277744
366545
290984
961860
149636
876126
831938
318129
759303
922784
301851
961519
457805
214442
314643
475587
881028
450194
309443
262372
852026
604576
317660
931550
191955
406675
755959
539458
860725
343401
943797
110586
960591
833277
295146
100338
811399
662083
603273
58749
439254
268698
242032
94306
332883
293169
507806
374899
141184
112433
820061
352049
685843
137914
107042
7701
807509
289985
89526
565652
439597
546815
372300
985941
405443
502491
997361
458028
140335
728605
753467
707175
857523
929595
667027
352233
773866
110648
344484
719116
103227
209775
656030
211504
416152
437195
626277
568008
509148
998791
136006
936447
883550
326181
875781
817169
93761
318509
507090
137929
438186
627312
637934
255451
415794
373384
804472
521503
422197
99879
277698
221344
475585
909514
224727
631168
435831
865059
611800
887551
210764
484669
980864
390607
41333
582400
474546
904095
65573
125298
576863
531157
633500
91419
413320
986652
357261
52893
91182
296412
628317
211077
539029
218219
589647
545513
851226
813119
654774
163320
100197
187052
255383
844225
165042
505456
773901
930589
476899
879164
704682
17260
645386
446057
782855
351974
185072
763108
731358
88143
836964
310704
932547
781342
379687
439257
1279
396141
38225
779355
45447
470621
737736
588574
874925
994971
22944
290915
790027
955007
379711
611998
91310
733853
901180
898826
928947
752345
276209
913272
888571
565964
174734
529368
648706
505758
704675
822911
946151
279213
644751
610629
37300
364804
914927
261997
469037
624966
740740
229687
897086
835185
462085
302427
400882
9009
406856
297548
540819
446062
702084
701023
431966
148325
59625
850263
700209
869374
360425
426924
178861
517427
492545
510952
471157
108448
397594
296608
13141
349376
357870
934586
562316
919686
335137
66566
238999
494697
960547
955850
934871
928109
314439
431563
778941
570160
724558
785133
531461
573971
435318
113607
51170
109920
283612
521990
130017
956956
73088
263529
430760
114902
621705
35766
877618
961307
9301
59728
404865
628359
202889
704034
996587
370487
292566
324948
984964
552292
533339
668646
754910
32556
866540
636687
175822
929239
264455
427835
702428
880237
744523
171768
860649
603255
758915
375751
591571
674002
575030
3101
429102
616168
639975
129407
289142
938959
474167
74133
678910
126997
802569
174394
732705
544133
304654
206959
280840
7770
788784
669577
81310
356304
539216
280317
6248
368303
551438
264649
657588
300514
650785
186797
321595
588503
188050
937257
304956
514212
415423
814413
668787
251476
905492
839633
672454
320534
192438
517991
757558
551678
496519
82555
788834
292212
766978
659436
134307
335883
381981
719413
852114
684952
413719
85922
131448
424535
886028
250017
362782
82089
73794
693174
644443
356615
850105
740836
189263
511311
484838
922813
651628
971860
571622
139099
179921
72443
673779
886029
949089
238435
848555
596376
316310
474653
98712
119350
201113
463119
560979
908611
140401
947715
892864
825047
28912
180385
192737
203936
396876
672100
426081
968257
266135
354277
770783
770804
813802
642938
839940
841488
700794
866479
588160
855999
404772
851516
544095
725142
836897
949027
30343
713199
712275
740025
405507
918351
266389
117092
778129
899203
933534
107018
159401
947632
742168
989630
496793
182133
512207
687859
120564
208049
290853
960123
689739
795820
264078
156834
649413
233996
730019
701867
261499
787350
978582
207944
972323
420283
225960
585435
209453
756583
102522
360943
934895
623552
207660
258211
834383
495673
232681
896268
745800
695146
992478
113959
490418
749524
675185
359396
172803
566930
8274
882801
542252
260307
650862
600894
102247
17643
38759
341634
826982
495702
617647
357100
344067
876414
806173
287835
968799
10430
273675
71368
616785
456434
759276
104282
490422
574400
722141
462658
752646
154618
648244
979279
622634
363081
678692
70465
443958
298574
281905
225017
253356
884006
4556
536690
867270
337080
26708
650987
152098
144124
106024
900692
55696
424193
666651
406599
637075
59304
225107
546719
65153
405004
388148
575297
912710
517971
592690
814616
325449
306102
316786
91037
650670
826870
801482
195360
964843
402730
432402
866054
39603
114069
434659
43422
512157
954648
891950
8473
520697
78570
245992
481596
332463
481759
649653
916834
212034
482352
9852
482558
168957
890113
948130
150667
600118
619327
345956
715210
381277
853289
975974
95750
976023
258176
875277
162048
201661
917789
180363
384928
499724
118865
467405
346351
88077
573184
588795
324852
649196
476388
386784
998845
492024
453904
960837
374207
852585
767041
769332
16978
511114
178796
285305
354662
805864
999184
205933
123180
145602
286337
304724
557517
312884
974787
75785
728825
38321
279826
891786
905955
350031
511985
718967
148040
487854
16292
907346
23103
379206
773950
813083
9125
856913
852768
369537
687329
69949
243271
164207
851245
862763
952227
734349
939937
754156
846150
961585
100324
896743
195138
88775
169616
194783
792298
237464
142603
811579
145738
434221
69866
241219
337574
312651
740174
983957
782006
336706
550662
869693
11748
604004
819245
129562
691017
344219
248525
474104
13836
736998
627918
304571
668784
798821
635364
907996
759801
602783
118579
664719
550052
228398
101228
926614
41935
542816
212644
382244
854386
632789
719010
349389
125812
920918
621331
492075
786853
988332
122788
341134
202588
858832
15821
440842
984923
815407
932855
76471
592176
905397
482748
95981
613326
492527
674007
659558
731444
195428
255
327197
948489
472166
588810
958623
448113
30461
159067
818386
761206
908630
276444
904476
69041
510451
117681
875550
685002
116250
421844
514987
424698
109258
182546
508172
874258
95078
647520
116534
326794
116213
553177
545631
376962
540059
610485
661005
385419
924219
290375
69405
716394
495867
515843
152972
838349
248257
285227
605256
440795
643712
275689
855865
294966
852520
132776
720018
249266
776875
326581
444174
20819
649030
302898
269922
717335
169055
292077
156564
130325
474849
594319
478633
301894
700114
95333
103146
145564
872887
706286
136833
751381
955889
376269
266368
547896
184322
199274
196207
577989
735228
656449
149462
441940
775341
941022
119166
450960
701456
978340
778796
948415
769426
15505
538975
688844
724437
120060
442442
571451
53291
125565
517154
510185
340648
874059
51383
519707
976345
946873
245515
26907
161563
163544
105570
653548
415319
135591
866632
954684
855627
371371
729001
360663
976433
693266
787275
907030
404254
645272
409132
996899
268118
76941
202748
187621
971879
522340
619750
310174
315031
314337
976718
723425
880685
978316
224747
724106
233409
710295
857838
70660
84524
49108
801221
134008
688779
74839
366935
905132
919498
16742
609938
107644
810910
480850
583754
193723
194125
294589
350741
518127
309125
91798
986136
703723
639296
898593
341348
308485
678632
771577
500553
394694
123350
910867
25874
762713
264621
468113
451608
457272
554799
346138
285233
336560
332182
849798
148251
317832
357276
721649
670506
407319
881663
584452
285102
450229
896058
206471
180581
899072
293897
272398
90362
348535
791654
329889
575944
126737
602497
831196
534044
921423
647198
662056
431445
786
383310
214470
681181
693479
469224
91103
895403
451264
564847
614870
668902
178463
979645
333266
843477
978329
398424
424816
577912
72363
407239
552755
512670
66333
117024
397683
830391
155895
9677
916161
700224
369744
270948
762778
510321
836337
167761
233286
688531
178170
229376
397879
312411
968574
101787
671126
476403
317104
611012
299381
692142
914912
748912
233004
965360
616810
29864
983945
377989
159188
179526
510062
305368
701573
337283
852105
696683
386947
160831
1597
753901
536338
920932
438807
260481
307238
404845
325445
694158
660252
713786
416101
31609
504251
592750
643349
898925
877996
742416
2125
535107
217132
376857
484484
123970
19881
97186
347546
15647
316860
109536
911546
390276
781929
452648
778272
650482
950946
45975
395917
214883
876249
172776
640491
245293
359648
136752
510130
572188
59092
147439
673943
647017
170996
704166
744359
130373
624622
238460
956913
659252
907138
555415
927590
898623
202178
908480
868261
548235
503316
9074
975719
183589
357085
15486
840192
1638
717329
641672
552110
970935
905763
712065
769713
918099
54020
929025
852692
516319
673168
881764
519594
881082
924895
558474
525960
979135
125803
876543
371875
995295
821292
752376
887829
345290
426458
737604
574976
700212
214206
577181
640494
237442
189776
180817
118394
721637
119893
645660
899733
778080
821437
247209
250558
596678
845301
56823
2945
961079
402912
558103
360875
396846
309711
394008
599032
602252
493134
114313
669345
320212
106728
226721
837452
350122
838327
402364
146969
402498
726320
390970
369183
93958
504894
807502
766270
345269
344954
267928
238633
325862
912446
924947
100807
313089
887194
855658
614267
954236
281281
423943
87634
289965
869550
723412
373801
17814
456909
643061
584919
435701
222071
300582
211340
224772
798712
442901
689868
886539
122570
850561
992807
906822
426685
984891
27692
417290
749687
412847
777212
800673
167412
803642
553423
802556
891794
659358
633852
168625
834876
688161
55314
638548
202010
672776
762783
882026
384811
831502
963510
729584
905602
163591
92848
242474
528998
975185
383701
150471
411827
392368
232861
597630
978149
671035
282087
178203
767607
26961
956482
706990
524936
975669
817800
227982
454893
83012
706866
984181
513634
32623
465072
690144
725029
121885
909516
491177
110243
975252
865457
80581
679409
64370
170487
593543
95856
551455
456134
398082
587395
420622
59928
543063
983317
568807
740703
947197
180690
202465
172594
886601
72034
37344
188760
651824
431589
792029
780249
828156
933927
287502
286467
471627
296285
718744
834451
518118
375353
378919
676197
492583
198358
327542
329736
793399
490939
847869
631355
378169
199455
349310
488989
351955
528328
165687
522951
28845
238276
259253
958940
550934
52909
180122
956852
739988
802610
393726
907612
285985
273138
291441
533306
545809
740266
259254
902169
265668
813805
561288
900094
293524
826484
463272
929994
654806
680718
69463
6059
481798
798717
626316
746871
205561
153431
236815
620340
832379
841437
970734
838676
509291
496034
593865
196017
864695
950224
304455
926980
580492
129090
370927
507321
533007
220109
757007
717261
718842
807101
207879
128357
741177
537851
475036
4906
516576
782017
467712
295126
408341
780991
752898
960009
29670
620431
280361
324505
470657
561330
614680
68867
480627
458316
110758
428217
919360
741660
467668
535769
924212
740339
249115
324294
423722
24234
410550
810184
806113
887822
529782
509037
228481
482562
4760
680672
982921
943026
460752
750984
910716
600295
877510
205874
378486
200819
504644
185357
969447
394741
106826
438958
400043
767899
435561
178025
723763
824888
896087
475590
448903
130658
210452
990012
321492
880552
147758
694879
75121
619220
634062
92333
226531
206278
922248
446593
670721
604556
952939
441897
956051
78209
173215
953228
902556
918778
634685
787159
736153
282891
677265
358506
265620
794506
101831
741302
29356
960286
469184
142719
641670
351148
809142
479730
783119
135657
526990
586964
584048
765556
545621
487224
395125
94949
241625
788030
859588
148608
89313
340052
472057
742799
951456
251275
696539
341984
760548
91626
529948
505450
314575
374062
792857
656934
722192
59948
437506
111236
147358
394734
373354
641410
715152
632594
576690
78527
845078
597356
671298
120116
326895
508975
606726
267042
887218
766554
559619
902797
990669
497385
453587
576351
406345
462772
714453
497849
588357
381649
899509
509797
116763
42263
739263
921047
775226
723242
302982
687671
566821
746738
858245
637327
315484
552426
933790
580731
636116
352676
259515
31116
210742
628179
482663
593815
84222
344264
98605
763954
845464
755920
519461
626477
450421
689549
669763
795717
464546
975868
138817
100759
299659
886137
369349
652585
396720
648597
595556
491473
118917
887214
614253
406109
364822
457051
111449
643570
238300
602446
588491
550570
416049
588696
908712
465021
306971
205569
910783
513092
450988
253635
847525
213539
686352
2086
107898
988747
595859
283669
341216
993859
510084
721005
535948
745209
610181
620557
336660
249270
798979
630166
426072
188657
167349
698548
70010
830610
772141
994812
804710
114440
741884
701409
161191
805893
835270
697770
641229
764027
665615
595869
157995
270358
417632
237276
44851
524101
109077
891194
661324
573754
707586
815608
493186
819538
199189
244520
999464
701902
936079
817511
109219
491728
810059
583653
536642
698194
841705
822806
171968
101915
262248
933386
360572
510854
278352
884558
237301
837201
942830
511016
882086
575588
995764
78381
415051
911435
145178
272513
645056
197381
151329
437907
231767
14716
451233
511867
852654
841067
840073
735868
72970
701266
195117
389230
911720
535861
331701
660275
45164
551786
231990
324781
109246
950164
266677
329981
566805
312440
596755
126417
203077
181397
689162
506628
311079
15482
799039
377946
339486
764515
134807
293625
213297
882904
692113
511835
984557
354775
94593
558753
638925
618567
158286
838338
30306
661603
387095
487966
897466
912605
133766
128271
697057
240176
742715
166724
995018
475813
145976
635001
560319
223350
337177
157965
202188
530015
982526
254910
773820
278207
229953
252781
134433
306668
911983
654799
612710
124442
466205
673679
247594
7558
641631
758444
259933
382391
297176
228423
623672
347347
981148
881625
310718
874740
166031
680543
269771
757751
564310
553417
501629
524560
336346
680593
419848
25222
484070
412344
338911
642966
234455
499269
354878
573580
950820
296618
324306
40172
941360
863494
90824
379222
254604
298566
577031
165646
997605
624237
52295
643726
525140
660527
724156
719282
23155
192114
510149
278976
426124
332850
981754
206874
796838
808343
572104
1369
939921
758940
595470
941089
90684
925525
358158
544176
466267
443943
711130
934503
771278
36376
67000
139947
901214
437516
112890
480144
906976
107064
647611
745546
812265
668786
756074
485787
910466
288713
2499
353579
674798
238343
160773
215542
930270
516181
830025
664462
168223
467848
130030
128022
811434
630489
130212
248218
310417
644749
894975
355806
16544
189589
987313
384274
204810
669149
382324
284407
666261
967551
495961
138106
601668
914148
509216
834120
547659
252069
201383
432155
870671
274038
286695
31378
912463
588156
802173
58412
306749
96223
308189
455150
250997
78546
488508
366639
293811
725476
993009
703573
202625
189961
177113
468606
682107
845312
896178
486918
943712
237823
744113
800233
945257
57300
354297
797578
826533
238498
786982
333734
114716
794569
208067
186962
900764
830339
856735
109357
259261
927290
870124
54723
932497
491440
438070
163046
576876
478061
546042
57897
952831
445603
16419
544188
746316
917132
287288
158757
732565
495617
142224
345398
32566
238220
567708
547520
923091
340036
498068
978424
885216
640828
124897
121063
934656
468039
940751
831902
527660
549120
669501
138859
713910
130756
648394
235578
284301
960319
264474
662790
367504
360367
79602
131134
126449
19061
192635
588513
719007
277935
421873
60085
102835
518717
69062
655160
376250
643592
453403
907272
228161
793300
332105
680542
859843
965392
292902
260349
883826
711016
18806
943956
340336
992593
902944
733635
764527
128446
774604
127154
24478
245902
951234
532043
679390
779918
512046
368535
472474
134511
189162
21854
845305
350059
374304
662514
137634
850840
910532
938329
719194
963810
480703
635377
997738
513598
167410
695782
782956
668733
981796
469599
930654
690476
725957
292632
974400
454053
556282
556340
83040
78774
107751
951532
680484
537217
447171
989266
14760
794512
11353
561519
615883
32464
986598
501254
294560
281201
134330
638507
907946
596162
379743
931644
998067
690040
103686
333209
213376
307287
79033
848186
678427
769187
986310
511478
965197
103606
502738
724953
527115
701034
825572
48933
790347
280803
988689
409190
623275
849373
845591
491363
796506
48463
557848
754890
664508
932788
956282
891055
824277
612259
908878
977030
152654
309085
481138
950121
736649
604061
98789
753780
331349
655186
721632
428114
200457
238839
92374
940606
567734
50022
855070
213747
952128
414828
52256
392012
807868
211461
55306
51474
989637
189911
628364
944040
498904
425727
979917
157252
149771
787117
589287
122744
148180
502565
460317
322791
992928
325393
956166
613933
74638
910174
250817
865394
510282
612158
675316
743553
171602
374354
151992
570946
869952
130209
279313
190663
39758
878957
455342
499429
223964
338345
857564
500263
168746
227828
340339
874300
821232
423271
875786
381510
856153
475874
351001
764356
591357
978883
618323
666233
288837
529397
703622
319152
60304
405368
916465
431974
216462
324606
771940
102827
284657
423495
657765
260422
596507
164897
316274
136424
871230
611225
501177
233746
864981
797724
674736
848424
876437
818081
405072
598931
526671
700950
76802
771488
479858
158335
923388
864262
72893
78114
422285
151910
335457
129716
506675
344489
859940
920418
102808
26842
669564
270593
123098
21808
567287
114343
746855
349314
951593
638326
546403
39033
79845
752061
495272
815823
439797
633902
450831
243667
596548
284478
338393
393236
33186
196889
544639
272252
24681
428250
674319
397938
600220
389750
643513
256221
301127
790357
761415
291067
784821
716256
131632
454723
83938
431975
464531
66172
651409
866518
156752
295993
893969
497292
601890
324563
517004
683513
855753
924928
998224
604548
547551
17137
545845
939723
569448
111213
511830
115781
674289
256152
87461
992612
215461
155079
588003
228609
515519
950444
686186
234062
419257
535025
185481
354097
663811
83107
129941
380934
56742
553174
269819
511245
459136
706193
307283
125410
349147
97912
711582
584907
603292
736137
613769
982391
754760
183416
422262
945853
400859
348600
465814
847763
250198
904785
325355
897876
527362
920470
964824
304382
348033
339246
607608
308609
156706
507294
676097
8682
17577
144772
713292
842766
188310
296977
338819
294821
439179
111929
677015
507443
541051
280497
262323
299493
480385
684713
918089
850929
827845
331079
348198
146407
353614
194848
704870
79618
445499
235914
710131
700347
590102
819077
914950
804621
108431
398289
154223
945158
352721
957148
754781
70438
239524
254093
230787
431790
900995
49904
280953
490123
822314
769279
42265
889350
712811
314065
883890
688385
485732
889243
41888
30652
539800
848267
775187
241530
595978
218422
50061
645473
400068
513169
695046
246148
95714
942236
313312
883389
589091
138845
709270
871049
629812
813936
40828
262361
72629
687244
516074
336044
579178
387747
227346
994890
214483
619660
213623
57362
674932
81825
397618
824856
464622
392427
673440
540759
611681
93634
801605
586750
93248
424808
801638
678032
5650
789018
736142
178798
856241
513329
930587
964882
309694
701774
127592
636403
198407
402739
453881
979713
114232
353088
731851
300583
365104
379544
866625
627822
321271
347675
854832
515565
824743
113194
22247
867348
284431
351589
241829
381612
225289
519817
922408
636433
386654
532536
318532
769952
34131
995415
239247
196370
307278
524142
363221
814598
422441
108591
225817
390793
815550
392092
199348
167778
558771
466786
968204
106439
479861
309103
842877
405822
366598
880253
207609
354368
980607
859360
780217
493628
34586
791805
747737
390779
607891
173654
277784
855621
738107
967301
457213
707501
848396
951952
714166
489689
988911
333828
342598
313825
34514
517195
816425
711482
422133
351528
853131
662652
162668
847444
784552
666132
669144
849065
20994
84673
234679
225758
22752
17424
993739
21364
638024
744138
291989
316303
340322
431846
977901
358828
493922
310722
489228
176225
234073
235886
760679
632051
384284
917300
270378
359044
529822
201250
22650
938176
170671
621859
765930
12857
952441
863390
454511
884416
112355
914352
153303
222381
317500
335449
21581
820077
363403
895729
227619
347810
231001
824197
385055
723371
103107
804445
514385
932611
806475
901010
3430
901202
652753
610006
334388
605251
352184
793396
21169
747628
189459
270632
255689
419446
515990
818159
601684
197388
140883
938653
378373
588605
599230
745245
742515
149049
161184
115743
968128
338527
632167
967224
879119
259889
347641
110575
837711
363749
79533
89418
432863
177689
458919
500311
13246
523363
31936
660377
36785
787485
380750
619613
856532
673975
335374
709621
839254
489482
701743
120203
915815
466351
708033
662761
169735
841100
800747
774551
170060
225796
408806
736
562576
231314
689094
339492
77783
752806
909797
716974
191893
104603
61157
222722
737118
783575
522089
500625
671602
441682
528300
335957
866938
186668
792170
250320
106144
220454
849389
135923
933618
531851
764113
637936
373155
627781
359008
912521
971493
707964
554407
434888
322457
698895
21459
388661
579637
241796
833619
350612
615663
291237
20142
76967
21967
312148
48731
915294
367596
672811
229874
481667
286787
757127
847278
456711
919415
843671
818338
448803
566445
526134
416571
390356
505690
186145
791392
75113
863237
895400
101211
782337
881327
452962
214580
782545
696489
810221
451831
926991
84480
281339
184886
362663
344068
291497
116813
135877
346793
192729
465367
985565
692999
840456
348392
782836
449282
803749
13293
271181
782256
812459
128141
128986
111026
896810
854952
48916
155221
738198
972611
103345
719815
506925
968516
560465
386211
674959
859336
624589
168797
390819
988143
10955
22351
839017
761853
636207
377743
37362
209016
484282
843418
615102
500324
201655
634340
684270
875757
990808
980394
517752
280242
336373
695917
942383
452618
698856
967255
451783
424420
379487
156076
324036
747570
513680
695732
582793
797413
572628
516200
764341
472701
416636
865829
868898
510801
211165
214258
17346
347747
490918
22162
266361
538931
929395
62608
65401
715441
331139
288739
758871
546200
885838
382878
448083
428218
368120
964509
715
852472
665361
818705
471049
318431
531302
869901
375466
313958
317031
474486
105132
558588
419533
389838
175982
861709
381082
130546
353148
985007
115853
775885
817937
503118
502534
479590
36955
599218
885274
504255
433679
806763
782178
588726
403382
911928
68579
35525
387324
292298
510246
434687
108050
268603
24840
987575
321807
298907
313702
498775
354968
235953
986843
572502
943432
845697
729144
997992
376721
221521
955848
395578
668761
120684
311482
787340
23403
961223
133498
707042
919397
591049
968308
887774
149987
4644
600897
850620
818379
644849
490182
567737
857102
601487
692701
652355
578928
329805
412860
153592
142530
600938
218119
103083
458852
884034
239312
937655
151374
379093
118370
523942
651337
344999
854529
109650
874831
22064
11816
206630
920633
526202
640748
425941
332597
287083
876991
990374
998763
392797
313079
266995
196971
266142
309816
755431
747649
35022
36811
572986
860874
131267
174659
683630
151115
872003
375210
174104
847453
103833
675324
990727
702239
649939
197526
148894
903190
466231
754
556093
634557
921650
541119
236763
533332
628530
661652
309676
442357
187635
166607
143344
171566
645105
353559
192236
328631
193347
588534
389585
133722
999050
582470
373896
205920
12960
75776
261455
168017
772606
545878
298427
252043
931852
652660
900107
403885
599171
75826
162694
192266
884336
11375
828109
633396
578734
208957
823308
378865
360503
883512
435768
323227
583844
256413
382574
721107
610090
321868
129428
292761
412036
137257
143154
867904
753998
363349
679425
616952
295298
581849
337616
691605
853927
605907
882167
135699
717622
341393
978362
712788
980877
465269
465332
442233
282020
333367
652083
211220
737636
928902
279772
769177
441622
557084
444227
740351
957769
531338
302983
313547
41134
540650
395374
593020
329863
461375
501058
744129
37679
903761
591959
507134
741741
354191
252468
27755
461404
402060
352299
936677
58302
927531
887062
916883
485624
564724
971849
235461
209859
667037
375299
362114
206441
673037
643682
211194
602769
694518
854927
523967
543551
81555
701342
886039
769601
226823
973074
878109
721207
678865
917951
798488
33498
790069
923361
195898
777258
23637
254102
440356
330189
929976
35349
121939
716373
583367
279664
188935
568074
70764
729836
973702
869857
365932
206290
379074
5545
423398
204702
156853
493886
606339
283132
957867
435355
349695
379793
973675
859078
489034
65189
899961
8119
144658
290441
359313
83048
580990
830434
814093
271286
879422
476547
467927
695148
137777
346784
650878
877312
408332
476162
373792
119532
85910
37261
865459
848237
984267
319931
212674
103823
336920
450828
243281
257186
214853
695106
290365
339857
236654
760827
583857
760462
523354
259611
431002
409909
738790
791361
353321
728714
42688
259339
13136
723312
869768
911747
164806
945765
181930
7429
217929
649241
161911
176322
455715
695278
512607
329276
658153
619797
758248
836832
944078
177624
753279
417442
47915
110742
969993
228285
902915
690874
49896
877699
284373
974075
581771
730891
571950
253169
250742
739801
265450
229851
613950
554176
434321
805284
378576
355282
737053
954393
952920
386732
185544
644736
965633
253849
279282
563064
471318
943205
404727
793986
504889
607042
652388
756279
736502
98690
599392
765346
557501
365136
418838
61495
854042
880074
146429
140451
818121
752105
776890
376076
15397
462909
482582
611563
737805
629831
239144
476778
961986
154668
760075
283099
681569
358983
629120
561011
223844
329853
623086
856119
406501
929500
126490
749287
10090
264547
427258
607644
246451
184745
174831
570460
87877
445750
653568
937971
812759
280248
494715
557220
141948
188011
731637
601702
420293
985555
504242
806502
874871
955542
369857
463545
245463
355438
697015
920430
872906
830266
134533
424444
578538
624872
186793
130687
528710
325708
712978
289055
702172
678273
400624
535182
179744
51842
899275
87897
603306
150632
887206
627921
520103
421691
234965
568377
512794
300319
203012
483108
370897
452747
829013
737223
99662
58499
576203
153035
827320
754305
726408
429110
998928
499030
768018
304564
122026
774613
351876
35931
30638
700852
177548
237003
527631
203034
743256
257139
743981
569584
762834
470073
348462
606626
762848
295389
348476
295474
130297
566399
34885
207049
545402
454887
460938
243074
586591
265747
611740
107108
740751
283536
911427
426511
205843
544742
512677
239509
97270
868414
128136
322717
238862
504254
755158
411512
976000
190952
650639
249267
965806
877953
636682
399010
890667
964233
172180
677675
322759
693601
519485
584129
869467
769020
512711
544608
345122
928679
765760
473132
584212
217412
35461
117565
405274
550023
529383
461994
306818
259212
555333
715395
871217
370214
600659
258265
266018
903052
37726
866993
890353
20336
184568
820760
932254
675369
991041
179588
368250
853676
79392
299784
230022
198518
319925
251538
83748
289624
86165
395055
327919
597798
239536
859210
596458
366180
197491
924218
813718
176529
209611
132582
684211
531783
930979
48278
897807
97532
960825
537583
745547
327852
981183
621754
959808
551639
927999
758407
190334
165202
391808
357125
838339
741594
520222
148814
511950
297152
305134
595107
493724
251108
539123
40058
230342
82196
876052
504660
346962
106551
492066
357332
9084
59190
49639
463059
435111
922000
466794
406096
851495
139949
606682
602238
700295
906117
648440
115192
670045
464250
653705
406781
510847
630729
135366
595246
319850
554721
775766
747419
111419
563605
999717
401275
326185
968625
704646
562657
980338
149548
532577
946358
188079
617571
731195
727030
989235
775637
887737
295835
775322
339631
311377
407747
718505
952670
298935
318768
124857
476921
326671
957574
266114
783039
442971
973225
53089
960379
843603
375729
831520
167868
513745
536637
81082
710192
249509
592659
73829
983090
671038
381102
416285
996626
36150
936605
49766
597530
911787
835912
703955
640262
3987
628068
665236
844081
818524
702557
557115
897167
309895
666855
959239
420346
635255
917648
657252
275843
141849
713666
874190
324232
150299
593926
640687
433331
340142
231049
79997
608194
807766
157711
936696
169747
305821
734375
369341
318422
291435
39178
754206
279523
211590
663782
979313
190621
630794
862020
738690
847315
274375
909143
643463
644270
466880
425082
82734
899336
244777
46184
180146
946895
693258
257144
830512
138030
912011
144902
666139
577458
934616
421787
781372
361026
732405
306493
103701
520606
747908
66771
654902
286327
647008
700309
643018
687059
756208
517700
245952
265942
805144
829560
375677
838256
512104
10104
710199
408063
13108
379808
649037
163705
769878
577239
950774
106734
998431
417635
782345
425601
313983
665454
994917
65320
310981
879530
159568
670712
289044
707242
95166
209474
340342
427110
810978
340623
678607
537118
1734
609486
734991
137583
130930
201877
880492
778039
623741
270691
634334
274283
825604
41269
197610
492940
858923
81006
498525
190065
514337
417646
301341
115550
448725
658015
822386
742760
777271
379569
231386
218551
89182
706156
834420
773131
423694
297304
558247
104711
894231
704212
520840
769266
739151
590422
215977
841655
813133
867191
808516
417468
34231
280833
969278
328699
306743
159766
924049
171878
985899
459309
651381
543812
936006
400509
259355
58862
137582
221711
445131
829419
928317
202209
56249
320231
597557
919376
77772
849831
522402
543986
573528
198275
176438
488870
870745
822619
370176
906413
890576
306441
770377
124076
602651
67336
771112
420477
985818
23621
463536
271771
390452
627678
786344
692950
897944
104167
668915
704746
600544
137548
568913
680935
580883
127633
772758
635906
148302
897476
858290
772712
789663
84076
943053
240949
546620
944812
849785
423903
625399
254488
117273
529839
868910
733671
389940
387187
683766
309055
423311
449748
110509
293090
895045
963689
902545
786921
217115
129963
952268
191674
584970
597496
35777
448760
97948
242787
608882
406082
518049
778110
49705
415558
965480
357523
989248
977886
264780
43352
134494
838551
768902
6741
849100
984300
153936
984103
180862
381030
592431
137982
871813
314536
105645
783796
350565
338060
770291
227985
457543
740806
163309
392560
171444
408103
617031
793600
989310
520699
918453
948906
833516
489315
210501
58675
992043
724011
648347
19591
343980
973651
199892
780305
846771
789581
838541
500846
426918
312548
29545
267780
369035
428052
351433
558590
461560
585924
897324
759119
452437
688529
296593
929340
460612
890400
276694
300302
502202
280541
941195
36670
954876
227251
944395
680118
436678
351187
24569
221962
171380
779548
792830
961946
212427
720053
603386
783508
745101
659733
324146
881442
412812
235737
521554
18470
764492
492891
649693
889848
73135
11623
852648
416648
702328
121954
430195
714080
485318
353970
893688
58649
950522
710722
494600
230289
117642
649680
930955
486705
724282
812838
80885
442544
804365
331548
366379
657729
420966
183436
965928
525246
939973
409046
414124
285205
885673
732168
904107
903433
252897
824601
223745
644966
882104
198144
790184
106263
920885
34549
166586
289391
214586
19593
727509
608754
314840
64688
888134
52307
142946
71415
539090
968809
289576
686178
810622
310085
607789
368827
568837
205736
579891
809266
680574
64110
950473
319763
86389
569357
846651
295212
865733
277731
315922
719509
186977
40831
869555
258347
396902
552086
989274
289282
850304
151586
173827
618865
451951
72997
935162
953368
544009
271578
611514
541112
851695
129251
885287
209487
344778
475062
910683
923707
363684
685577
488176
568450
12019
917731
931479
983941
120128
405124
54103
28009
131724
747259
571396
38772
925503
275946
401182
573599
225539
444877
64794
692819
691710
383596
361801
575849
470430
640675
906460
722925
31904
501174
932108
886910
751898
742423
136945
225968
916689
942398
526942
639586
670271
107265
657471
566662
956635
471129
318657
37327
723108
283743
206228
975103
379407
128317
881446
383749
527852
742786
371140
514136
195806
139596
690578
3187
531259
661497
506418
434937
474090
264703
400422
917834
335839
261419
543900
705404
544642
559285
251827
61455
248361
592776
831144
904795
356940
439422
68494
136253
895319
780348
891711
906676
646780
22737
556722
178164
716259
743249
953251
592247
256324
395564
121999
474639
459815
31161
17619
713994
694228
807564
298914
498577
714547
94438
953319
196536
674186
483548
418739
298720
658929
756815
104182
426477
638530
238076
907232
168263
442447
477954
668047
154917
600541
460421
7572
722795
113780
312572
206300
74224
501446
626529
847633
698684
332820
498992
117713
134246
462947
690294
277441
399360
961566
771000
225464
678796
103409
393777
582317
553107
264728
4271
556526
726068
904686
164840
440481
821183
665675
82475
787495
366976
376253
133484
564515
327508
57046
219814
294432
29956
218962
720308
244824
192720
314554
133676
146006
463811
95419
570093
933201
920894
917199
504345
238399
483817
871153
581951
521365
481314
658180
495754
990835
40509
447931
874569
454632
669698
538866
511539
887216
589142
270516
417210
74737
832011
111867
987994
67502
898519
693035
468884
49283
530920
373167
992190
926479
120438
688178
764316
116151
991471
27637
989259
826528
358765
735667
933517
97101
154534
464901
316312
169396
677934
604190
31517
173655
319906
624139
199403
174940
845724
803537
746734
312126
675112
420509
266746
392959
564465
258485
659423
187579
565556
461878
102788
577208
715967
244464
799759
815870
765476
444874
632438
912438
377949
471001
423964
854388
232856
315480
882824
262262
159919
171563
689424
56816
692846
276803
666528
21590
258036
703374
278144
888453
736693
165523
409408
499822
823324
759563
865392
271422
645811
122895
174649
159714
639154
560978
587453
89930
241048
387062
634297
134368
338360
60580
979068
250448
885797
818395
161386
875471
723023
446964
790020
290845
62302
786862
14226
53672
34010
426742
368601
161525
345928
627974
5052
147417
147023
319329
630279
443796
811474
944485
741725
119183
149868
731344
843811
677589
392831
549787
437183
526709
94150
546944
152953
369526
135579
345066
811509
573157
737297
323071
69633
870552
451000
299419
309933
483694
717062
701010
849244
14910
570703
646748
972523
72727
445059
816061
761456
833495
829993
142553
608228
559359
821181
307583
129467
169320
693044
299820
492157
680040
3769
126825
32025
985182
190590
304509
350690
724078
305314
100341
973215
262413
614757
288454
852973
933197
429402
595587
90360
998117
680056
836888
376875
397841
447991
196317
678481
224801
774676
372155
420894
205589
64038
297583
853484
480650
773690
586660
219057
729393
417538
735723
332420
379305
168717
183962
748825
522385
724187
848728
329683
716196
558699
681778
425390
246531
293166
403079
408235
209336
644315
995776
290601
147372
14076
731397
741518
989632
879687
839739
755887
421918
759545
422459
897923
757730
772964
946409
938362
222736
950451
983269
424699
905524
502706
334696
664186
304072
101623
233603
640547
52328
756473
792814
910620
162212
943337
514939
172680
450932
535748
799380
645609
835379
772800
53557
640296
209082
138310
871182
461017
880355
612702
300241
692996
489564
173469
262266
394010
965935
61292
322474
497634
390223
317765
218836
250652
371820
698915
800265
525483
568137
942497
159377
620635
156636
923859
97212
215207
575848
492676
975691
205494
538613
426391
41612
418414
619707
8087
967091
223588
334128
209039
592222
982097
949064
746442
370610
137396
4720
514705
612865
249172
100137
65269
750077
295143
452499
172229
994210
272424
533754
927500
739186
744236
63124
255782
554154
517094
279795
738806
368156
693494
199295
147809
535014
608346
43458
439127
501482
783338
271309
662745
449210
665591
920402
870548
441495
218929
113985
777152
878382
309236
90356
41533
376925
747781
173379
923224
726675
621481
922142
866283
944642
130056
562898
393619
298582
198693
670232
434995
857457
521270
997721
471004
487501
169686
327691
75647
828506
294424
812741
376581
973789
479535
677935
376159
302330
105472
222691
158313
531467
579164
538682
585221
615694
981412
467010
820860
686846
199492
431187
738010
991985
760323
401585
476385
91076
795534
788211
647126
704827
86690
439774
267424
256373
440421
35147
242140
594575
910775
521197
31638
929430
174922
353616
768060
233953
375907
894453
300586
33897
50526
369820
522566
681946
914152
701009
98024
405080
154211
903345
691849
671312
711589
776810
393056
233543
649744
994095
31231
253040
619024
630011
370910
327976
559955
556270
263313
303671
672407
139526
817523
766601
376424
247480
254131
917111
388237
578034
658222
833583
120453
940612
59602
84476
656920
345602
485549
610556
953498
927851
7051
195633
41473
176822
545561
750118
825485
691196
705742
517301
942684
19713
907549
867020
26976
82686
158438
566904
18533
76702
173845
590088
412811
995339
839102
387404
6382
298604
288694
987328
895008
386543
755979
28705
649457
136721
795652
7569
431526
524276
167268
297348
331928
645046
208523
388357
167444
983490
759277
604373
335400
34700
995042
783816
320084
590199
138362
854189
980776
374135
204809
958865
428880
60392
657172
888886
718905
67004
338566
804196
854450
342348
83727
317839
926257
245611
508543
712243
503666
764022
21287
676826
207297
526893
41117
397379
305106
321374
572114
683845
481434
710282
58097
331658
36546
772850
133585
413591
167659
373588
223242
167759
843686
332966
421148
989645
169924
877097
144078
595141
888915
12419
389460
677333
896995
586351
605971
247709
880234
6710
292009
76686
581141
288210
574757
90465
705381
604583
746963
199545
774458
824920
814332
841815
430010
982723
31305
90762
616014
903991
427534
460344
359482
511051
78519
764117
45825
291429
217655
646488
639246
327126
726141
346400
854324
607204
807669
929314
544990
807644
822141
188259
355075
636765
768237
459151
787666
693684
365210
571577
887769
89939
774173
240514
434039
49323
418115
418403
841592
70077
69604
169341
689969
277365
72270
577950
863469
731017
828600
722450
876702
826944
276745
270692
206664
805021
571067
429834
203421
622933
999816
732034
796544
297547
497055
870373
329431
382517
152321
544722
903935
663256
396737
802885
699950
819453
881508
668026
340172
577257
906893
816229
873452
639434
707925
703941
926311
484424
207909
950960
409994
9766
946818
718693
741324
696005
166868
639559
548017
848261
470884
741011
18254
763260
373133
283520
119815
642898
456087
380965
566599
567273
622057
925268
589652
554782
448683
11823
374974
161925
44061
31877
341358
793546
634482
885969
406765
67651
180428
457159
213186
750738
959843
977763
600665
997409
76958
13345
359915
634360
90191
738404
228397
163053
53128
963255
259131
400271
33478
346636
624501
567884
901834
530569
101105
227312
231779
308550
64068
858473
935099
392999
889554
546959
801732
294498
99158
496836
701423
450955
81765
550168
755342
934316
809719
575509
2214
853411
600574
507472
406947
939766
538691
8063
773108
958728
446951
856558
597209
512587
145966
213250
651627
91440
225878
576955
133865
288332
131973
299338
498610
216746
14920
80447
871213
837330
519250
46824
590756
688459
872233
370337
292662
643400
737957
572268
152890
129072
308472
435366
987004
289854
701629
664084
648857
771851
391986
237511
698060
303908
653343
71442
404878
616780
868147
710118
917023
530871
851895
39638
152119
675067
84772
676172
915165
246998
277568
556205
846495
768387
51146
897029
699513
169771
89197
470435
136309
401800
382010
94456
695865
709819
807742
14548
244381
691225
401259
359169
193607
257532
948445
684703
785679
795765
657260
333560
404897
627689
576487
895579
133294
61625
95681
535878
887627
965377
466442
285342
845249
167098
158409
587041
237286
96013
199184
235105
945613
483527
359075
153072
415103
974274
658381
90261
32452
428209
521747
936576
553280
310827
498339
59953
670858
632545
180833
444746
945971
184974
564075
358408
302914
451045
470090
552038
566734
890470
843695
679008
79480
458449
988504
706694
604849
525498
757545
14938
845109
751186
380216
678468
508357
417207
351367
739118
989164
916617
521788
11506
228980
125343
546278
86695
983548
165786
553639
827158
485039
516865
768618
139672
366967
355808
782287
317563
308302
663540
259268
475749
783718
125208
362394
226277
701322
379371
14998
831903
46141
494410
627244
218244
193908
140933
89759
977991
311977
732229
926679
722175
453868
458958
208163
540479
56291
48668
295204
821422
534138
569577
567515
773374
47514
606191
400156
901198
414136
957784
417480
673904
65337
622843
745041
168893
131933
76062
22176
433681
523397
620830
563685
875439
369080
770630
88600
74825
16309
226050
929172
977814
124138
581222
572100
521767
449325
406917
491708
149034
731293
313734
537444
357317
835187
329631
610832
603500
258498
709131
256163
198424
766141
678277
578667
686012
676791
553269
331753
445100
158293
671084
404286
698367
235433
677459
910882
980707
768977
517609
610966
442187
60415
825305
593031
815175
612507
361049
70729
728482
852395
548954
194405
903398
31776
176116
599912
769374
497495
417692
324341
10317
923225
203556
429969
72177
260549
393135
38626
595850
800533
269499
105392
547902
548612
646653
276832
176558
902996
337691
794522
897440
706957
241629
869539
682547
103302
245292
285724
394203
738943
424104
259126
616774
718487
198204
969798
561989
812904
277493
398605
885369
723549
395943
398733
956553
884433
867565
724096
588898
858107
925140
167667
781515
209669
273345
138040
179270
294523
290259
303600
521583
319429
170350
32554
770378
501915
691374
51767
748535
921166
334145
996165
67783
531488
938958
43225
741889
251992
136518
560098
761001
450373
924324
29003
620933
783598
956687
845853
533040
615689
675284
578903
40935
163962
603003
242516
293972
63801
602630
414399
41172
40318
141021
369603
542191
566390
923823
85240
890745
414576
173816
462588
374878
550000
855516
297758
397983
629966
724902
550972
89376
804693
409536
340858
977144
462252
183148
120511
702607
560326
718341
18666
833289
478068
433696
965188
220091
891705
739254
192612
327760
587372
34466
438124
299480
443293
914426
743534
747818
616782
887922
538161
733956
818312
938486
391567
987985
249417
462397
974653
879138
46566
195603
472133
582430
224019
971709
936133
783921
705289
620945
619822
2276
338181
683676
312348
747944
993736
241610
911735
122958
563482
156142
120550
407104
291585
130806
416682
346660
333203
88936
138752
340984
996245
62986
653719
309050
606188
246297
897498
118910
934715
119173
596320
851860
313513
290461
783000
468499
822510
892814
146012
167481
981123
363664
932223
169016
575733
125466
927119
880220
497311
894336
971985
32349
177110
294012
804730
905295
167653
520342
769954
666351
654844
58839
695203
85295
43951
407037
292762
731290
741475
769691
878272
178578
912817
941231
148206
537603
16104
952646
630083
477217
452814
434436
381945
216893
105601
449287
112066
997344
481431
8544
55188
136320
116488
266978
729232
491812
449188
386810
87165
50464
772139
861361
472742
395462
595348
681927
61684
492665
160135
307922
228817
446959
796373
188969
99719
476190
845540
909951
368874
409900
367610
792658
402706
312734
799402
774528
610681
220322
691465
108620
647925
509945
280017
233898
518102
182273
816490
936209
521864
443488
688906
574939
394532
989042
492597
123301
142022
568642
149511
113714
778663
949845
751900
163955
1096
305762
484213
3160
294215
191377
250427
144090
234962
439966
458282
732714
723858
231388
429962
469034
889062
944825
592350
407124
247575
608200
241680
957493
464448
223312
316239
985373
441009
604280
241737
910727
717265
2784
947304
200684
981972
83877
211020
379521
855078
627254
75120
647447
817903
860929
215193
126852
436407
876412
21275
313761
811856
119702
664349
555818
890151
327741
477862
328956
951830
285122
994091
144168
595345
922304
244657
489172
90028
805596
139386
703599
790432
209919
33923
576461
78140
280520
527501
332297
491294
434642
652079
994588
77214
731418
574917
166739
695153
913104
37953
220165
822010
603037
781088
736548
665665
541516
607813
539530
589610
661884
513053
73384
547689
952671
7876
399364
755267
437053
642325
391816
355144
90401
954475
971453
525854
614397
529335
896831
965038
7033
265126
83271
945665
427096
403587
10081
707231
10710
329636
753099
693355
706513
633373
494939
667000
133823
657099
881148
667319
993599
721840
69858
95312
196208
802507
465953
746052
493444
866721
542675
953267
910376
255305
355905
986035
731727
460017
795832
126514
30382
422774
704959
741465
952419
232442
387230
427243
563441
941732
3919
972191
497866
717642
749256
639136
150210
137707
257645
806443
610195
788746
58565
264959
479614
771359
608240
775804
201206
8133
690067
949519
522173
197779
48346
730319
26674
830157
808318
863852
493097
413567
528709
648978
814917
445057
12167
39987
593774
179080
507355
535500
551386
507927
160606
43916
944064
750988
599607
465558
716429
267639
906807
942631
542473
583082
270663
788537
365091
261217
223752
591119
153340
360790
767603
747733
7779
130124
367775
614551
648575
223921
386179
436338
129545
609083
421929
624664
957012
137698
447421
385788
784850
607878
635188
73540
340615
530064
321077
247078
855054
163800
253427
403895
331283
194140
670054
397756
554136
516548
545221
322927
117420
462566
122905
536380
181653
927259
71785
888024
579465
460964
730595
485420
273910
314655
195071
46840
126869
286131
396708
40221
820405
713631
855499
139168
325552
24866
596637
853788
897898
193641
644442
573586
109252
38676
457796
351816
320629
162792
153645
878594
779855
282799
864127
517658
149864
934049
603373
968559
52900
20233
20262
919800
577400
584131
680460
792709
551353
841931
396694
181774
937073
334531
866821
455854
617121
646136
571051
848815
742618
471763
507298
259855
31060
708491
76746
504653
671794
915868
647680
776836
620223
185571
292162
69082
373116
112681
503101
648663
194364
634196
744160
480228
601080
91395
115203
703533
880758
80183
760394
390926
223205
7630
199594
139196
432142
434562
770738
737279
141438
703311
76558
528506
422514
442874
394193
366887
29426
803892
77779
784212
116006
302350
823332
899596
356292
142429
118157
994004
674880
404356
323689
623321
615357
719138
571925
429685
181502
347427
339802
918614
157340
884122
82468
477914
127677
832512
69932
56078
129575
734469
957960
902840
225637
145656
778341
891036
424232
745599
921188
401768
540570
439313
645938
375159
542862
926267
69308
499236
32098
531144
300888
583736
240288
984059
557731
400148
821160
759050
933989
29529
553984
721123
133781
453391
779183
955384
339040
850388
302604
572008
557486
599939
375962
16395
929241
337460
580467
334823
866098
821943
769905
857467
661014
518521
939390
986061
799282
53696
777246
240854
179221
127286
769393
376874
511862
952216
346343
898208
481713
820589
232801
920221
568722
395645
289367
838906
551361
693529
417916
885938
197127
599660
932137
620699
659199
343748
109778
660372
563130
624804
592921
137645
908097
132048
951035
670440
189895
527742
547741
666061
637436
898703
691280
305031
174583
693305
735470
570493
856769
283128
203178
439506
457020
53733
704378
668151
125930
633731
890419
95504
451049
840747
472911
804171
433407
836465
384303
608355
201270
564485
361923
445249
876256
507693
241196
137139
785025
101843
346775
467426
906206
698503
469943
26521
382316
60982
926734
977048
714006
840247
820549
609308
918076
990692
923959
942381
816528
106930
672295
732735
733311
675113
293783
216575
425528
437309
526432
325176
373464
85067
761796
933910
783218
363692
413582
276435
769334
645530
796891
824342
201172
816266
818267
956104
615080
802657
193977
89432
831728
472533
448138
152790
614721
888438
253726
566321
433612
886882
683729
261267
105589
109781
264871
975112
869428
916916
581565
794000
931601
367662
770869
443574
907584
319630
18957
488615
888256
113277
313686
287097
406090
101341
487292
216590
22843
958601
252546
169927
700229
379909
795607
163747
333921
593157
873835
869177
924569
710205
403637
790911
322803
127746
95649
327380
124082
447073
447496
185984
871322
863502
230759
480068
996864
348131
972592
449800
540102
291888
71348
765541
257921
482252
884332
170388
978453
327588
439111
884911
919971
758527
304085
217150
504396
36746
291800
485980
419738
527382
928369
963466
958709
741584
50878
313871
973444
439811
792591
76645
170596
717595
644814
44617
80652
996684
781711
872399
50946
548074
942848
904192
960466
737277
101510
424089
421967
666851
681027
614083
264347
917878
49984
581480
972839
537498
82603
346143
120939
851303
705869
635610
579542
205192
67995
228904
789614
732109
79417
41143
654277
798080
334494
532313
742904
993168
340420
728902
58000
194456
786916
153057
793877
285561
342333
424165
569249
519894
877779
88452
70999
324487
300203
876609
330813
336403
854448
571141
440701
658594
793873
825689
298035
233006
802220
579236
495513
783362
825452
696691
990103
700252
916662
999484
272690
21592
208275
186598
57731
672940
677188
404648
48432
305325
99419
649733
884282
979670
547576
35199
36998
667036
490240
545599
279259
453912
427498
983787
63276
979613
706742
431419
773508
206265
22249
784117
816829
265121
879661
504435
583849
876931
123592
487568
605220
993649
979790
499522
150327
608369
883873
928424
176409
804609
147218
672766
261053
791370
10759
677016
517695
253205
488622
394097
606809
820133
723500
935118
84210
681134
563092
531681
625809
119202
919533
634498
239009
206586
341425
984908
774059
393206
353349
557771
768636
371461
690373
8564
495132
897093
759731
907594
377920
771559
762039
394738
507027
806833
974249
833428
737930
639757
57908
227245
121058
110152
373697
145222
252294
400394
166968
871009
618842
721064
869986
866666
637988
660813
349587
527892
869929
935667
48610
584327
718388
534232
485548
311800
675439
984851
580392
837428
99761
91361
988087
930338
43523
462757
484563
938990
35315
725782
438049
171690
655966
778684
971592
716039
742450
689331
695263
244022
179904
901203
614930
460370
56178
700047
86053
672867
475382
91506
529553
839525
158591
375647
181334
461378
733256
962879
578739
584827
328321
937814
403811
899734
774206
241759
60136
279268
788803
398781
862991
924301
248690
362991
120132
663055
972612
69105
753144
579260
799907
902748
574498
884641
267315
281416
959645
124004
935347
623691
713488
207525
414645
152122
533561
694677
897504
282594
774949
161381
186128
475345
218725
985851
595205
645935
572202
306343
899313
696530
787611
661821
307113
232895
421849
295371
675584
308155
275911
511151
13653
638784
321462
371516
416470
863256
584698
79465
988164
624126
301798
841974
707643
76430
724740
897586
529096
461831
552098
967814
385786
690909
747597
989859
504022
40956
924320
276639
854305
463232
733056
620604
883418
995518
543926
579872
18332
169807
302754
156454
386002
366485
518441
355233
688977
977553
513241
420433
76156
562711
311906
845105
941215
589645
635155
591372
887504
123729
380163
629603
37334
633697
204874
105627
657484
6415
331553
941826
978312
60285
859177
461457
629541
62274
158201
136087
102956
455164
94771
565005
695629
600314
725211
756115
202033
245294
912397
147147
172731
333731
304079
731682
810190
329014
489359
63520
932322
767438
287548
648492
368126
288548
660694
263051
1911
364984
203710
365805
644052
502800
252588
444910
708364
277838
699611
287348
187040
443949
655172
514563
834324
432590
144233
682086
98177
417827
638045
454423
498203
45473
636847
57095
693673
706581
647943
130453
397944
74989
124882
356484
880366
627719
50901
829475
513629
732282
382350
825678
349712
998862
102049
760341
739434
710601
31225
152423
750432
780018
677280
858890
20119
875029
609629
463889
701881
382481
705695
842938
456278
182443
563522
431821
823174
130498
398524
973933
807310
637373
939912
797183
495358
833489
962554
672020
118107
502606
940841
487708
972962
696300
612636
507585
657787
865906
337696
478977
32597
874980
663493
540954
68789
696343
765457
688356
283629
92517
927142
503384
771365
990049
732877
966132
595810
559162
633970
450614
288149
135737
151089
542327
653977
723472
726427
304760
561220
379850
923137
793137
494748
257995
835668
507926
124275
920796
459723
133866
289486
70825
966309
145095
745541
316207
909306
617306
675123
834030
323842
792816
141664
531977
3536
272678
164345
594313
546315
645630
237179
895706
530896
725923
493388
34440
187713
567443
309560
609945
470712
389835
123343
596053
911350
437704
391489
393679
71011
265382
492941
772084
432408
219279
604551
521801
786501
295715
444818
715977
874011
226876
894543
251830
426905
67917
128906
173877
166774
313953
754134
902187
326956
571273
413389
446268
723841
945431
520752
245202
818543
553515
6903
112019
421115
290997
72759
100927
556073
533224
187392
571368
846930
407746
724652
793687
233812
254935
427572
253702
957464
217107
316570
900193
240501
543342
145285
59124
808639
255607
133592
260189
177431
173265
161023
69276
216729
956265
920497
791439
76026
407299
523829
192597
347406
124407
438741
534328
658963
774573
949918
201859
960050
155883
748836
516667
744056
4633
288574
235394
329750
319379
98186
413620
413190
835770
225922
396781
178895
429739
251450
833137
706475
923579
797105
479806
176663
3824
132272
564754
174074
874540
271149
945801
518762
725631
696159
677014
991439
480719
745812
735962
766638
861264
973447
352088
98816
975037
751655
980031
571693
321913
541748
688770
429168
691929
532555
165173
846144
997014
911
262990
889738
573980
528789
345149
425046
569691
837176
190175
758190
670312
820939
77417
442937
274166
194016
132234
296522
147124
819034
7085
996651
168419
215275
407277
657006
805483
89751
119492
982293
216458
860095
716729
649384
639177
52247
509407
891727
999429
694043
525457
176613
28148
237689
106634
849452
413820
402571
186678
757534
37277
848498
458115
384835
931650
889853
536429
893743
92571
219480
829311
250342
787488
235846
198644
957166
716625
994203
772636
776525
803888
70005
543843
162064
204252
222457
140568
131652
423247
222751
383190
869961
788480
604709
655815
201603
652433
915230
396962
716019
288180
662173
48652
16183
663446
995463
299330
833886
566439
31554
648754
889671
563272
475524
421640
328013
621858
195175
247309
958700
752785
777783
915053
771772
848208
426835
625230
924886
480953
993643
937163
177671
390164
385038
546553
312914
452623
924080
84329
168296
777092
903965
845684
489682
30711
476263
44769
28602
237900
74981
700770
60170
551472
924157
77605
21344
828223
356744
472300
302191
705361
904060
947417
550627
93073
912560
162604
201453
612916
162191
658041
177651
99303
917602
824777
509937
595391
416730
482257
921186
712370
385204
526478
62241
135624
549278
561408
133578
548552
281204
864210
943307
298389
221869
247307
388756
867860
235537
860245
561581
131888
520098
648596
766038
244103
280287
965609
689606
298635
170305
156884
861053
696714
125327
598228
30552
82247
239159
838748
258264
165424
435034
49320
605076
657463
404129
506618
697065
654931
35181
217744
736209
229882
996413
289689
919908
405077
313762
857542
356912
554747
234926
779043
168190
450408
454566
670345
317881
483331
433550
749226
293582
737318
333749
478902
501710
479913
6311
753033
566292
81030
312162
118133
113592
988167
148755
582822
770259
598020
971393
366172
977635
914400
956478
84593
827955
605502
269971
172552
12187
538210
610589
955106
368322
912814
953574
483151
228020
507467
320654
336739
733323
77517
615148
205291
446501
778835
553752
174841
52717
67366
794335
233814
861255
53791
329668
536455
245445
686942
887986
44987
540693
872485
22108
519212
472699
44696
724114
991605
729072
260829
417119
527167
510632
809708
785151
606737
27430
957656
595650
352638
170873
631925
66488
425964
124465
16708
563984
282457
730625
619149
470062
812385
498853
787089
483576
917379
617648
321789
772689
289085
195292
541297
987401
859596
82479
568002
735326
560313
126106
662531
252123
96538
260752
253327
85420
291799
119960
791881
734159
190410
671153
969823
628540
571245
646639
872025
86630
967453
290680
29971
980561
498470
61711
672792
952010
481540
801080
150625
271454
49661
815425
988918
999904
740362
683605
118831
376739
426923
286219
369621
354761
550295
991327
343569
633218
794167
573036
229813
128619
726182
404641
382412
577116
3762
865272
501872
905323
496932
454113
319217
648840
421625
777144
796793
667594
882493
353201
193422
63838
831147
195942
318932
717912
650190
917474
488850
342243
373292
296335
182224
137669
628109
86980
224698
862884
864052
298095
85398
66888
966566
716216
813010
298084
101182
950813
44163
632020
588088
838667
362688
880286
365888
995836
583936
174796
635777
119081
299933
923219
163833
902361
430542
466161
294540
145412
866878
878956
671125
504101
376266
641651
504473
216383
488133
789048
2598
754095
986975
465590
985994
48973
730980
750845
436172
432256
2510
423368
403797
721277
450817
529687
708288
329336
651361
520003
947380
816120
800442
423572
732167
878380
175980
544709
970800
992375
258044
399946
371852
431448
485763
421436
809102
292286
934786
271465
804820
687622
126590
346668
221384
528837
892788
415726
761557
239029
338800
163247
505365
64656
294070
598679
195747
252821
49205
293786
795079
840588
235655
123647
652158
235910
754348
863057
525884
32312
277958
825817
172167
794922
23288
318623
432074
550941
766659
260328
301102
281712
553507
556756
917378
74009
647795
878650
225730
70550
137705
961637
405474
520726
821810
376988
748511
971320
316216
129524
748136
668017
350370
595917
900720
474065
181880
229261
96807
217467
388088
588524
631412
949132
48602
684980
616435
164340
584966
401666
485724
651164
452921
812905
731592
891894
807337
372754
387344
733695
674357
742980
480437
898
959954
566629
654269
123863
395787
129277
564673
686176
26124
417102
103817
69300
245414
986749
439109
223502
292208
228370
355322
475413
797967
772420
793208
620595
800061
667325
208925
436292
915790
682827
158719
378429
46491
904515
719936
116586
813583
311161
395557
448118
396130
2883
674991
282545
905196
304153
407245
942596
282821
225601
712092
209803
309739
68305
284640
657425
832199
816559
219995
309213
873800
886869
943948
809223
960572
671409
571028
625493
636515
92102
969178
307779
104461
25922
142816
896484
669576
578730
331202
517504
347089
852956
588372
860509
267661
715691
930439
303641
323735
516247
314803
433736
973122
153749
953694
889127
126731
96332
118659
451985
386365
388222
242713
382726
432111
161924
23093
55483
84996
886280
440208
913027
330618
575540
686593
189959
835646
153854
955056
253447
861020
404163
116208
473749
786448
82388
562035
65836
585545
677493
799012
851001
258063
235342
175080
309171
559793
844093
941505
232743
852784
152230
937562
929217
867316
50188
915853
720345
611468
719757
613508
347201
365097
859099
340184
414201
896069
620905
869508
718556
649354
176160
523185
416393
917560
405714
931967
79528
788181
648190
696996
823455
534010
710455
875097
373410
397469
473951
675937
231467
558852
463339
665038
276705
135231
536089
445782
461365
720802
827750
623103
933643
572917
335873
503561
210096
696515
481563
975396
676600
202268
267301
24917
766170
438766
444146
102710
637429
976179
414695
456631
884999
982047
594212
930703
541100
698547
728926
391627
42514
950914
280347
271485
894746
693830
150430
30042
283326
946231
983680
257726
261592
714240
460569
811224
550010
360159
196579
314295
392600
694877
613024
588111
937596
207330
625577
646505
832139
153877
777228
526224
975066
595534
841295
380388
764171
572892
502269
642778
441883
75449
692589
359662
309908
80936
749462
679100
368673
538429
520834
826102
637162
310568
299351
625807
566641
190848
720393
690302
196967
51609
572671
255620
894447
760292
262632
719486
552369
448908
162091
466867
965541
419099
336604
16448
941846
770481
20349
594078
114040
725057
229448
362004
931636
265470
458680
283578
795493
384584
509834
649662
275324
599369
680598
408320
976079
152271
102906
709200
642610
402554
967734
162231
171565
514135
486876
713554
380182
764097
123890
771151
85050
359747
714131
987781
879377
14011
485170
854411
543611
487554
291634
415539
1540
562235
130493
271929
642303
605020
583450
190259
707674
251748
219919
680215
300640
876259
897946
449462
453080
724067
193055
220758
228618
173819
635992
376013
398029
956861
18869
765968
54045
290417
208300
636754
955588
197709
440390
631242
334314
400533
495821
683829
998946
31356
412585
523051
715854
9264
976633
825732
79829
545702
744812
84802
928113
484647
14584
792833
994363
627560
949785
764805
686157
593787
517351
885056
751276
238422
836682
148748
140177
168652
24885
569142
687004
68593
385016
678516
289751
614598
632978
840999
79448
505551
626329
79203
110958
312733
455802
977390
168657
369027
220075
170718
379696
287013
122153
124439
938318
333210
408524
153897
928524
614326
392280
156108
926322
398233
508288
806814
866419
249181
549089
605696
135157
818733
92409
515000
787553
152059
312015
156758
915539
987249
408836
38330
831673
651061
312117
567830
116524
641922
572267
578341
151258
579573
45648
767366
784832
396675
444356
446095
903096
424918
394950
890901
367429
42623
72900
734031
356942
337582
409176
194276
583229
403332
850737
146242
676540
62382
219531
430972
943736
829744
443764
467651
181323
635266
2650
845696
146233
227593
80628
607503
545321
781897
971
334865
50189
738816
839130
208471
227617
902294
8550
695181
592664
797964
315497
241221
175251
502076
278109
690390
914691
783895
51929
444499
742770
559649
627696
827821
681672
97204
736689
356459
166235
266082
770375
181403
416160
605916
706474
237346
945528
563147
999934
949008
417986
453054
21997
565845
663216
701853
721035
646224
735938
255381
338873
716138
721843
849033
18634
146447
126804
37358
881619
366789
413729
252840
96585
976853
515119
946016
933580
477243
206414
756438
122225
19393
344166
592135
231874
448486
831238
373005
396184
255792
996845
567784
267415
976325
555218
523336
803414
727447
973203
567120
237235
566201
280124
382567
51704
583663
79485
79594
860980
856764
459289
399823
35335
525842
950713
501443
37375
54549
749643
452194
136093
524784
272472
391535
757147
852215
738408
241333
434053
882659
918126
585697
91262
713372
887884
951782
23759
540957
515693
995207
701312
336528
834901
641932
457391
441229
19773
720042
513112
321049
662898
251898
293696
208609
343729
999618
811812
994150
671225
44363
261358
373334
22282
776953
702487
271907
323580
449163
719243
765531
496314
397510
410934
359577
484308
204538
910876
324943
830560
104387
268588
273280
412705
937512
202995
176968
384297
47211
821525
57719
822626
607208
881084
97255
154567
522708
301974
218239
9345
880438
800603
375707
518612
346979
985710
225485
280036
844193
454064
118647
581280
963759
791163
363327
295576
905300
876917
118889
193531
588487
601538
582115
582286
154593
174918
269783
445807
350045
145211
739279
265043
687496
105997
890425
131848
665090
549921
685952
274482
255582
437260
903554
853602
524664
755175
348877
904145
644017
476531
208379
613106
922793
854575
228416
739762
61955
18535
53931
938263
1722
925601
322711
738470
755088
53548
898544
615354
429119
770887
910460
959741
48535
232653
390796
778849
869157
835201
629960
338367
922934
558694
114758
17132
203497
453390
627381
856963
118058
926669
560666
355487
3115
459088
195728
149618
271426
140620
892635
574186
866082
797037
886129
424029
725169
551077
536032
383439
424903
967944
922912
59348
802808
303469
304927
432841
742590
377086
411093
520906
177609
526097
23432
669708
394878
956957
303833
300533
268944
882401
813770
872388
240310
8993
942526
955942
601742
706898
681741
409291
273408
58277
374428
587484
94331
492831
497655
824604
428959
3437
999865
142950
733720
947172
844760
192715
582873
874380
352242
767273
911911
230750
626807
276288
189251
260087
216150
832027
167828
514591
713615
330377
695234
881368
323625
265671
133307
603492
639277
147862
260207
738639
551596
820181
734376
918027
739526
735103
769868
842654
679138
766015
560440